Finishing reading file...
gate numbers: 13877
input numbers: 249
output numbers: 914
wire numbers: 12965

Finishing reading file...
gate numbers: 10063
input numbers: 249
output numbers: 914
wire numbers: 9366

Starting Sim...
Original circuitOne gate size :28003
Original circuitTwo gate size :20376
HASH Size:13999
2755
After gateLevel: 1154
After filtering: 1202
After filtering: 377
Equivalent
Ending Simulation...
total cut: 295
cutting wire: 590
HASH Size:13999
2552
After gateLevel: 1095
After filtering: 1088
After filtering: 209
total cut: 369
cutting wire: 738
HASH Size:13999
2477
After gateLevel: 1013
After filtering: 1035
After filtering: 89
total cut: 397
cutting wire: 794
2
2
2
2
2
2
2
2
2
2
2
2
2
2
2
2
2
2
2
2
2
2
2
2
2
2
2
2
2
2
2
2
2
2
2
2
2
2
2
2
2
2
2
2
2
2
2
2
2
2
2
2
2
2
5
2
2
2
2
3
3
2
2
2
2
2
2
2
2
2
2
2
2
2
2
2
2
2
2
2
2
2
2
2
2
2
2
2
2
2
2
2
2
2
2
2
2
2
2
2
2
2
2
2
2
2
2
2
2
2
2
2
2
2
2
2
2
2
2
2
2
2
2
2
2
2
2
2
2
2
2
2
2
2
2
2
2
2
2
2
2
2
2
2
2
2
2
2
2
2
2
2
2
2
2
2
2
2
2
2
2
2
2
2
2
2
2
2
2
2
2
2
2
2
2
2
2
2
2
2
2
2
2
2
2
3
2
2
2
571
2
2
2
42
2
2
2
3417
2
2
2
354
2
2
2
72
2
2
2
72
2
2
2
72
2
2
2
72
2
2
2
72
2
2
2
72
2
2
2
72
2
2
2
72
2
2
2
72
2
2
2
72
2
2
2
72
2
2
2
72
2
2
2
72
2
2
2
72
2
2
2
72
2
2
2
72
2
2
2
72
2
2
2
72
2
2
2
72
2
2
2
73
2
2
2
73
2
2
2
72
2
2
2
73
2
2
2
72
2
2
2
73
2
2
2
73
2
2
2
72
2
2
2
35
2
2
2
31
2
2
2
31
2
2
2
31
2
2
2
31
2
2
2
31
2
2
2
31
2
2
2
31
2
2
2
31
2
2
2
31
2
2
2
31
2
2
2
31
2
2
2
31
2
2
2
31
2
2
2
31
2
2
2
31
2
2
2
31
2
2
2
31
2
2
2
31
2
2
2
31
2
2
2
31
2
2
2
31
2
2
2
31
2
2
2
31
2
2
2
31
2
2
2
31
2
2
2
31
2
2
2
31
2
2
2
31
2
2
2
74
2
2
2
63
2
2
2
38
2
2
2
34
2
2
2
31
2
2
2
31
2
2
2
31
2
2
2
31
2
2
2
31
2
2
2
31
2
2
2
31
2
2
2
31
2
2
2
31
2
2
2
31
2
2
2
31
2
2
2
31
2
2
2
31
2
2
2
31
2
2
2
31
2
2
2
31
2
2
2
31
2
2
2
31
2
2
2
31
2
2
2
31
2
2
2
31
2
2
2
31
2
2
2
31
2
2
2
31
2
2
2
31
2
2
2
31
2
2
2
31
2
2
2
31
2
2
2
31
2
2
2
31
2
2
2
27
2
2
2
615
2
2
2
34
2
2
2
32
2
2
2
32
2
2
2
32
2
2
2
32
2
2
2
32
2
2
2
32
2
2
2
32
2
2
2
32
2
2
2
32
2
2
2
32
2
2
2
32
2
2
2
32
2
2
2
32
2
2
2
32
2
2
2
32
2
2
2
32
2
2
2
32
2
2
2
32
2
2
2
32
2
2
2
32
2
2
2
32
2
2
2
32
2
2
2
32
2
2
2
32
2
2
2
32
2
2
2
32
2
2
2
32
2
2
2
32
2
2
2
32
2
2
2
31
2
2
2
27
2
2
2
691
2
2
2
40
2
2
2
450
2
2
2
40
2
2
2
41
2
2
2
40
2
2
2
40
2
2
2
40
2
2
2
40
2
2
2
36
2
2
2
36
2
2
2
36
2
2
2
36
2
2
2
36
2
2
2
36
2
2
2
36
2
2
2
40
2
2
2
40
2
2
2
40
2
2
2
40
2
2
2
12
2
2
2
10
2
2
2
10
2
2
2
10
2
2
2
10
2
2
2
10
2
2
2
10
2
2
2
10
2
2
2
10
2
2
2
10
2
2
2
10
2
2
2
10
2
2
2
10
2
2
2
10
2
2
2
10
2
2
2
10
2
2
2
10
2
2
2
10
2
2
2
10
2
2
2
10
2
2
2
10
2
2
2
10
2
2
2
10
2
2
2
10
2
2
2
10
2
2
2
10
2
2
2
10
2
2
2
10
2
2
2
10
2
2
2
10
2
2
2
10
2
2
2
10
2
2
2
11
2
2
2
5
3
3
3
3
3
3
3
3
3
3
3
3
3
3
3
2
3
2
3
3
2
2
2
2
2
2
2
2
2
2
2
2
2
2
2
2
2
2
2
2
2
2
2
2
2
2
2
3
3
2
2
2
2
2
3
2
2
2
2
5
3
2
2
3
2
2
2
3
2
2
2
3
2
2
2
3
2
2
2
3
2
2
2
3
2
2
2
3
2
2
2
3
2
2
2
3
2
2
2
3
2
2
2
3
2
2
2
3
2
2
2
3
2
2
2
3
2
2
2
3
2
2
2
3
2
2
2
3
2
2
2
3
2
2
2
3
2
2
2
3
2
2
2
3
2
2
2
3
2
2
2
3
2
2
2
3
2
2
2
3
2
2
2
3
2
2
2
3
2
2
2
3
2
2
2
3
2
2
2
3
2
2
2
3
2
2
2
3
2
226
2
3
2
22
2
3
2
1022
2
3
2
82
2
3
2
86
2
3
2
89
2
3
2
114
2
3
2
98
2
3
2
117
2
3
2
107
2
3
2
122
2
3
2
96
2
3
2
117
2
3
2
115
2
3
2
120
2
3
2
112
2
3
2
125
2
3
2
126
2
3
2
142
2
3
2
96
2
3
2
111
2
3
2
106
2
3
2
114
2
3
2
112
2
3
2
110
2
3
2
112
2
3
2
137
2
3
2
95
2
3
2
119
2
3
2
112
2
3
2
124
2
3
2
33
2
3
2
18
2
3
2
17
2
3
2
19
2
3
2
21
2
3
2
20
2
3
2
16
2
3
2
19
2
3
2
16
2
3
2
18
2
3
2
18
2
3
2
18
2
3
2
18
2
3
2
18
2
3
2
18
2
3
2
18
2
3
2
19
2
3
2
19
2
3
2
18
2
3
2
18
2
3
2
21
2
3
2
17
2
3
2
17
2
3
2
17
2
3
2
17
2
3
2
17
2
3
2
17
2
3
2
17
2
3
2
17
2
3
2
106
2
3
2
28
2
3
2
21
2
3
2
7
2
3
2
5
2
3
2
5
2
3
2
6
2
3
2
5
2
3
2
5
2
3
2
5
2
3
2
5
2
3
2
5
2
3
2
5
2
3
2
5
2
3
2
5
2
3
2
5
2
3
2
5
2
3
2
5
2
3
2
5
2
3
2
5
2
3
2
5
2
3
2
5
2
3
2
5
2
3
2
5
2
3
2
5
2
3
2
5
2
3
2
5
2
3
2
5
2
3
2
5
2
3
2
5
2
3
2
7
2
3
2
5
2
3
2
5
2
3
2
5
2
3
2
6
2
3
2
1375
2
3
2
39
2
3
2
20
2
3
2
14
2
3
2
14
2
3
2
19
2
3
2
14
2
3
2
13
2
3
2
13
2
3
2
16
2
3
2
16
2
3
2
16
2
3
2
16
2
3
2
16
2
3
2
16
2
3
2
16
2
3
2
16
2
3
2
16
2
3
2
15
2
3
2
16
2
3
2
16
2
3
2
16
2
3
2
16
2
3
2
16
2
3
2
16
2
3
2
16
2
3
2
14
2
3
2
15
2
3
2
14
2
3
2
13
2
3
2
12
2
3
2
6
2
3
2
6
2
3
2
33
2
3
2
18
2
3
2
50
2
3
2
33
2
3
2
41
2
3
2
36
2
3
2
37
2
3
2
44
2
3
2
45
2
3
2
36
2
3
2
38
2
3
2
42
2
3
2
48
2
3
2
38
2
3
2
44
2
3
2
50
2
3
2
47
2
3
2
39
2
3
2
47
2
3
2
49
2
3
2
11
2
3
2
10
2
3
2
10
2
3
2
12
2
3
2
9
2
3
2
7
2
3
2
7
2
3
2
7
2
3
2
7
2
3
2
7
2
3
2
7
2
3
2
7
2
3
2
7
2
3
2
7
2
3
2
7
2
3
2
7
2
3
2
7
2
3
2
7
2
3
2
7
2
3
2
7
2
3
2
7
2
3
2
7
2
3
2
7
2
3
2
7
2
3
2
7
2
3
2
7
2
3
2
7
2
3
2
7
2
3
2
7
2
3
2
7
2
3
2
7
2
3
2
7
2
4
2
8
2
3
2
2
722602ms
37.9688MB
