Finishing reading file...
gate numbers: 13876
input numbers: 249
output numbers: 914
wire numbers: 12964

Finishing reading file...
gate numbers: 10063
input numbers: 249
output numbers: 914
wire numbers: 9366

Starting Sim...
Original circuitOne gate size :28001
Original circuitTwo gate size :20376
HASH Size:13999
2682
After gateLevel: 1188
After filtering: 1241
After filtering: 376
Non-equivalent
Ending Simulation...
total cut: 278
cutting wire: 557
HASH Size:13999
0
After gateLevel: 0
After filtering: 0
After filtering: 0
total cut: 278
cutting wire: 557
HASH Size:13999
0
After gateLevel: 0
After filtering: 0
After filtering: 0
total cut: 278
cutting wire: 557
3
3
3
3
3
3
3
3
3
3
3
3
3
3
3
3
3
3
3
3
3
3
3
3
3
3
3
3
3
3
3
3
3
3
3
3
3
3
3
3
3
3
3
3
3
3
3
3
3
3
3
3
3
3
5
3
3
4
2
2
2
2
2
2
2
2
2
2
2
2
2
2
2
2
2
2
2
2
2
2
2
2
2
2
2
15
2
2
2
14
2
2
2
14
2
2
2
14
2
2
2
14
2
2
2
14
2
2
2
14
2
2
2
14
2
2
2
14
2
2
2
14
2
2
2
14
2
2
2
14
2
2
2
14
2
2
2
14
2
2
2
14
2
2
2
14
2
2
2
14
2
2
2
14
2
2
2
14
2
2
2
14
2
2
2
14
2
2
2
14
2
2
2
14
2
2
2
14
2
2
2
14
2
2
2
10
2
2
2
447
2
2
2
42
2
2
2
3382
2
2
2
354
2
2
2
72
2
2
2
72
2
2
2
72
2
2
2
72
2
2
2
72
2
2
2
72
2
2
2
72
2
2
2
72
2
2
2
72
2
2
2
72
2
2
2
72
2
2
2
72
2
2
2
72
2
2
2
72
2
2
2
72
2
2
2
72
2
2
2
72
2
2
2
72
2
2
2
72
2
2
2
72
2
2
2
72
2
2
2
72
2
2
2
72
2
2
2
72
2
2
2
72
2
2
2
72
2
2
2
72
2
2
2
35
2
2
2
31
2
2
2
31
2
2
2
31
2
2
2
31
2
2
2
31
2
2
2
31
2
2
2
31
2
2
2
31
2
2
2
31
2
2
2
31
2
2
2
31
2
2
2
31
2
2
2
31
2
2
2
31
2
2
2
31
2
2
2
31
2
2
2
31
2
2
2
31
2
2
2
31
2
2
2
31
2
2
2
31
2
2
2
31
2
2
2
31
2
2
2
31
2
2
2
31
2
2
2
31
2
2
2
31
2
2
2
31
2
2
2
74
2
2
2
63
2
2
2
3
2
2
2
34
2
2
2
31
2
2
2
31
2
2
2
31
2
2
2
31
2
2
2
31
2
2
2
31
2
2
2
31
2
2
2
31
2
2
2
31
2
2
2
31
2
2
2
31
2
2
2
31
2
2
2
31
2
2
2
31
2
2
2
31
2
2
2
31
2
2
2
31
2
2
2
31
2
2
2
31
2
2
2
31
2
2
2
31
2
2
2
31
2
2
2
31
2
2
2
31
2
2
2
31
2
2
2
31
2
2
2
31
2
2
2
31
2
2
2
31
2
2
2
31
2
2
2
2
2
2
2
2
2
2
2
34
2
2
2
32
2
2
2
32
2
2
2
32
2
2
2
32
2
2
2
32
2
2
2
32
2
2
2
32
2
2
2
32
2
2
2
32
2
2
2
32
2
2
2
32
2
2
2
32
2
2
2
32
2
2
2
32
2
2
2
32
2
2
2
32
2
2
2
32
2
2
2
32
2
2
2
32
2
2
2
32
2
2
2
32
2
2
2
32
2
2
2
32
2
2
2
32
2
2
2
32
2
2
2
32
2
2
2
32
2
2
2
32
2
2
2
32
2
2
2
31
2
2
2
2
2
2
2
690
2
2
2
39
2
2
2
449
2
2
2
35
2
2
2
40
2
2
2
35
2
2
2
35
2
2
2
35
2
2
2
35
2
2
2
35
2
2
2
35
2
2
2
39
2
2
2
39
2
2
2
35
2
2
2
35
2
2
2
35
2
2
2
35
2
2
2
39
2
2
2
39
2
2
2
39
2
2
2
11
2
2
2
9
2
2
2
9
2
2
2
9
2
2
2
9
2
2
2
9
2
2
2
9
2
2
2
9
2
2
2
9
2
2
2
9
2
2
2
9
2
2
2
9
2
2
2
9
2
2
2
9
2
2
2
9
2
2
2
9
2
2
2
9
2
2
2
9
2
2
2
9
2
2
2
9
2
2
2
9
2
2
2
9
2
2
2
9
2
2
2
9
2
2
2
9
2
2
2
9
2
2
2
9
2
2
2
9
2
2
2
9
2
2
2
9
2
2
2
9
2
2
2
9
2
2
2
11
2
2
2
5
6
6
6
6
6
6
6
6
6
6
6
6
6
6
6
3
6
3
6
6
3
3
3
3
3
3
3
3
3
3
3
3
3
3
3
3
3
3
3
3
3
3
3
3
3
3
3
6
6
3
3
3
3
3
3
5
3
6
2
3
2
2
2
3
2
2
2
3
2
2
2
3
2
2
2
3
2
2
2
3
2
2
2
3
2
28
2
3
2
50
2
3
2
39
2
3
2
21
2
3
2
24
2
3
2
24
2
3
2
23
2
3
2
21
2
3
2
21
2
3
2
23
2
3
2
33
2
3
2
26
2
3
2
26
2
3
2
17
2
3
2
26
2
3
2
19
2
3
2
20
2
3
2
19
2
3
2
27
2
3
2
18
2
3
2
22
2
3
2
18
2
3
2
24
2
3
2
18
2
3
2
17
2
3
2
9
2
3
2
104
2
3
2
22
2
3
2
722
2
3
2
81
2
3
2
86
2
3
2
87
2
3
2
112
2
3
2
97
2
3
2
115
2
3
2
105
2
3
2
120
2
3
2
95
2
3
2
110
2
3
2
114
2
3
2
119
2
3
2
111
2
3
2
124
2
3
2
125
2
3
2
140
2
3
2
90
2
3
2
105
2
3
2
105
2
3
2
113
2
3
2
109
2
3
2
107
2
3
2
111
2
3
2
134
2
3
2
94
2
3
2
116
2
3
2
109
2
3
2
123
2
3
2
33
2
3
2
18
2
3
2
17
2
3
2
19
2
3
2
21
2
3
2
20
2
3
2
16
2
3
2
19
2
3
2
16
2
3
2
18
2
3
2
18
2
3
2
18
2
3
2
18
2
3
2
18
2
3
2
18
2
3
2
18
2
3
2
19
2
3
2
19
2
3
2
18
2
3
2
18
2
3
2
21
2
3
2
17
2
3
2
17
2
3
2
17
2
3
2
17
2
3
2
17
2
3
2
17
2
3
2
17
2
3
2
17
2
3
2
105
2
3
2
27
2
3
2
3
2
3
2
7
2
3
2
5
2
3
2
5
2
3
2
6
2
3
2
5
2
3
2
5
2
3
2
5
2
3
2
5
2
3
2
5
2
3
2
5
2
3
2
5
2
3
2
5
2
3
2
5
2
3
2
5
2
3
2
5
2
3
2
5
2
3
2
5
2
3
2
5
2
3
2
5
2
3
2
5
2
3
2
5
2
3
2
5
2
3
2
5
2
3
2
5
2
3
2
5
2
3
2
5
2
3
2
5
2
3
2
7
2
3
2
5
2
3
2
5
2
3
2
5
2
3
2
3
2
3
2
2
2
3
2
40
2
3
2
20
2
3
2
14
2
3
2
14
2
3
2
19
2
3
2
14
2
3
2
13
2
3
2
13
2
3
2
16
2
3
2
16
2
3
2
16
2
3
2
16
2
3
2
16
2
3
2
16
2
3
2
16
2
3
2
16
2
3
2
16
2
3
2
15
2
3
2
16
2
3
2
16
2
3
2
16
2
3
2
16
2
3
2
16
2
3
2
16
2
3
2
16
2
3
2
14
2
3
2
15
2
3
2
14
2
3
2
13
2
3
2
12
2
3
2
6
2
3
2
3
2
3
2
32
2
3
2
15
2
3
2
49
2
3
2
31
2
3
2
40
2
3
2
34
2
3
2
35
2
3
2
42
2
3
2
43
2
3
2
33
2
3
2
35
2
3
2
39
2
3
2
45
2
3
2
35
2
3
2
41
2
3
2
47
2
3
2
45
2
3
2
36
2
3
2
44
2
3
2
46
2
3
2
10
2
3
2
9
2
3
2
9
2
3
2
9
2
3
2
6
2
3
2
6
2
3
2
6
2
3
2
6
2
3
2
6
2
3
2
6
2
3
2
6
2
3
2
6
2
3
2
6
2
3
2
6
2
3
2
6
2
3
2
6
2
3
2
6
2
3
2
6
2
3
2
6
2
3
2
6
2
3
2
6
2
3
2
6
2
3
2
6
2
3
2
6
2
3
2
6
2
3
2
6
2
3
2
6
2
3
2
6
2
3
2
6
2
3
2
6
2
3
2
6
2
3
2
6
2
4
2
8
2
3
2
2
146919ms
36.2109MB
